{
 "cells": [
  {
   "cell_type": "code",
   "execution_count": 15,
   "id": "136775af-8413-45ad-b097-53f817a66f7b",
   "metadata": {},
   "outputs": [],
   "source": [
    "import pandas as pd\n",
    "import numpy as np\n",
    "import matplotlib as plt\n",
    "import seaborn as sns"
   ]
  },
  {
   "cell_type": "code",
   "execution_count": 3,
   "id": "5516f7e9-4fac-45fa-901b-0805f7a0b60c",
   "metadata": {},
   "outputs": [
    {
     "data": {
      "text/html": [
       "<div>\n",
       "<style scoped>\n",
       "    .dataframe tbody tr th:only-of-type {\n",
       "        vertical-align: middle;\n",
       "    }\n",
       "\n",
       "    .dataframe tbody tr th {\n",
       "        vertical-align: top;\n",
       "    }\n",
       "\n",
       "    .dataframe thead th {\n",
       "        text-align: right;\n",
       "    }\n",
       "</style>\n",
       "<table border=\"1\" class=\"dataframe\">\n",
       "  <thead>\n",
       "    <tr style=\"text-align: right;\">\n",
       "      <th></th>\n",
       "      <th>Store</th>\n",
       "      <th>Date</th>\n",
       "      <th>Weekly_Sales</th>\n",
       "      <th>Holiday_Flag</th>\n",
       "      <th>Temperature</th>\n",
       "      <th>Fuel_Price</th>\n",
       "      <th>CPI</th>\n",
       "      <th>Unemployment</th>\n",
       "    </tr>\n",
       "  </thead>\n",
       "  <tbody>\n",
       "    <tr>\n",
       "      <th>0</th>\n",
       "      <td>1</td>\n",
       "      <td>05-02-2010</td>\n",
       "      <td>1643690.90</td>\n",
       "      <td>0</td>\n",
       "      <td>42.31</td>\n",
       "      <td>2.572</td>\n",
       "      <td>211.096358</td>\n",
       "      <td>8.106</td>\n",
       "    </tr>\n",
       "    <tr>\n",
       "      <th>1</th>\n",
       "      <td>1</td>\n",
       "      <td>12-02-2010</td>\n",
       "      <td>1641957.44</td>\n",
       "      <td>1</td>\n",
       "      <td>38.51</td>\n",
       "      <td>2.548</td>\n",
       "      <td>211.242170</td>\n",
       "      <td>8.106</td>\n",
       "    </tr>\n",
       "    <tr>\n",
       "      <th>2</th>\n",
       "      <td>1</td>\n",
       "      <td>19-02-2010</td>\n",
       "      <td>1611968.17</td>\n",
       "      <td>0</td>\n",
       "      <td>39.93</td>\n",
       "      <td>2.514</td>\n",
       "      <td>211.289143</td>\n",
       "      <td>8.106</td>\n",
       "    </tr>\n",
       "    <tr>\n",
       "      <th>3</th>\n",
       "      <td>1</td>\n",
       "      <td>26-02-2010</td>\n",
       "      <td>1409727.59</td>\n",
       "      <td>0</td>\n",
       "      <td>46.63</td>\n",
       "      <td>2.561</td>\n",
       "      <td>211.319643</td>\n",
       "      <td>8.106</td>\n",
       "    </tr>\n",
       "    <tr>\n",
       "      <th>4</th>\n",
       "      <td>1</td>\n",
       "      <td>05-03-2010</td>\n",
       "      <td>1554806.68</td>\n",
       "      <td>0</td>\n",
       "      <td>46.50</td>\n",
       "      <td>2.625</td>\n",
       "      <td>211.350143</td>\n",
       "      <td>8.106</td>\n",
       "    </tr>\n",
       "    <tr>\n",
       "      <th>...</th>\n",
       "      <td>...</td>\n",
       "      <td>...</td>\n",
       "      <td>...</td>\n",
       "      <td>...</td>\n",
       "      <td>...</td>\n",
       "      <td>...</td>\n",
       "      <td>...</td>\n",
       "      <td>...</td>\n",
       "    </tr>\n",
       "    <tr>\n",
       "      <th>6430</th>\n",
       "      <td>45</td>\n",
       "      <td>28-09-2012</td>\n",
       "      <td>713173.95</td>\n",
       "      <td>0</td>\n",
       "      <td>64.88</td>\n",
       "      <td>3.997</td>\n",
       "      <td>192.013558</td>\n",
       "      <td>8.684</td>\n",
       "    </tr>\n",
       "    <tr>\n",
       "      <th>6431</th>\n",
       "      <td>45</td>\n",
       "      <td>05-10-2012</td>\n",
       "      <td>733455.07</td>\n",
       "      <td>0</td>\n",
       "      <td>64.89</td>\n",
       "      <td>3.985</td>\n",
       "      <td>192.170412</td>\n",
       "      <td>8.667</td>\n",
       "    </tr>\n",
       "    <tr>\n",
       "      <th>6432</th>\n",
       "      <td>45</td>\n",
       "      <td>12-10-2012</td>\n",
       "      <td>734464.36</td>\n",
       "      <td>0</td>\n",
       "      <td>54.47</td>\n",
       "      <td>4.000</td>\n",
       "      <td>192.327265</td>\n",
       "      <td>8.667</td>\n",
       "    </tr>\n",
       "    <tr>\n",
       "      <th>6433</th>\n",
       "      <td>45</td>\n",
       "      <td>19-10-2012</td>\n",
       "      <td>718125.53</td>\n",
       "      <td>0</td>\n",
       "      <td>56.47</td>\n",
       "      <td>3.969</td>\n",
       "      <td>192.330854</td>\n",
       "      <td>8.667</td>\n",
       "    </tr>\n",
       "    <tr>\n",
       "      <th>6434</th>\n",
       "      <td>45</td>\n",
       "      <td>26-10-2012</td>\n",
       "      <td>760281.43</td>\n",
       "      <td>0</td>\n",
       "      <td>58.85</td>\n",
       "      <td>3.882</td>\n",
       "      <td>192.308899</td>\n",
       "      <td>8.667</td>\n",
       "    </tr>\n",
       "  </tbody>\n",
       "</table>\n",
       "<p>6435 rows × 8 columns</p>\n",
       "</div>"
      ],
      "text/plain": [
       "      Store        Date  Weekly_Sales  Holiday_Flag  Temperature  Fuel_Price  \\\n",
       "0         1  05-02-2010    1643690.90             0        42.31       2.572   \n",
       "1         1  12-02-2010    1641957.44             1        38.51       2.548   \n",
       "2         1  19-02-2010    1611968.17             0        39.93       2.514   \n",
       "3         1  26-02-2010    1409727.59             0        46.63       2.561   \n",
       "4         1  05-03-2010    1554806.68             0        46.50       2.625   \n",
       "...     ...         ...           ...           ...          ...         ...   \n",
       "6430     45  28-09-2012     713173.95             0        64.88       3.997   \n",
       "6431     45  05-10-2012     733455.07             0        64.89       3.985   \n",
       "6432     45  12-10-2012     734464.36             0        54.47       4.000   \n",
       "6433     45  19-10-2012     718125.53             0        56.47       3.969   \n",
       "6434     45  26-10-2012     760281.43             0        58.85       3.882   \n",
       "\n",
       "             CPI  Unemployment  \n",
       "0     211.096358         8.106  \n",
       "1     211.242170         8.106  \n",
       "2     211.289143         8.106  \n",
       "3     211.319643         8.106  \n",
       "4     211.350143         8.106  \n",
       "...          ...           ...  \n",
       "6430  192.013558         8.684  \n",
       "6431  192.170412         8.667  \n",
       "6432  192.327265         8.667  \n",
       "6433  192.330854         8.667  \n",
       "6434  192.308899         8.667  \n",
       "\n",
       "[6435 rows x 8 columns]"
      ]
     },
     "execution_count": 3,
     "metadata": {},
     "output_type": "execute_result"
    }
   ],
   "source": [
    "df = pd.read_csv(\"C:\\\\Users\\\\fpt kinh mon\\\\Downloads\\\\Walmart_Sales.csv\")\n",
    "df"
   ]
  },
  {
   "cell_type": "markdown",
   "id": "8cf495f4-b73f-4ba3-90ba-c7d99b6ea994",
   "metadata": {},
   "source": [
    "### Data Cleaning ###"
   ]
  },
  {
   "cell_type": "code",
   "execution_count": 8,
   "id": "e50515df-d945-4681-b138-76581a0a8b5f",
   "metadata": {},
   "outputs": [
    {
     "data": {
      "text/html": [
       "<div>\n",
       "<style scoped>\n",
       "    .dataframe tbody tr th:only-of-type {\n",
       "        vertical-align: middle;\n",
       "    }\n",
       "\n",
       "    .dataframe tbody tr th {\n",
       "        vertical-align: top;\n",
       "    }\n",
       "\n",
       "    .dataframe thead th {\n",
       "        text-align: right;\n",
       "    }\n",
       "</style>\n",
       "<table border=\"1\" class=\"dataframe\">\n",
       "  <thead>\n",
       "    <tr style=\"text-align: right;\">\n",
       "      <th></th>\n",
       "      <th>Store</th>\n",
       "      <th>Date</th>\n",
       "      <th>Weekly_Sales</th>\n",
       "      <th>Holiday_Flag</th>\n",
       "      <th>Temperature</th>\n",
       "      <th>Fuel_Price</th>\n",
       "      <th>CPI</th>\n",
       "      <th>Unemployment</th>\n",
       "    </tr>\n",
       "  </thead>\n",
       "  <tbody>\n",
       "    <tr>\n",
       "      <th>0</th>\n",
       "      <td>1</td>\n",
       "      <td>2010-02-05</td>\n",
       "      <td>1643690.90</td>\n",
       "      <td>0</td>\n",
       "      <td>42.31</td>\n",
       "      <td>2.572</td>\n",
       "      <td>211.096358</td>\n",
       "      <td>8.106</td>\n",
       "    </tr>\n",
       "    <tr>\n",
       "      <th>1</th>\n",
       "      <td>1</td>\n",
       "      <td>2010-02-12</td>\n",
       "      <td>1641957.44</td>\n",
       "      <td>1</td>\n",
       "      <td>38.51</td>\n",
       "      <td>2.548</td>\n",
       "      <td>211.242170</td>\n",
       "      <td>8.106</td>\n",
       "    </tr>\n",
       "    <tr>\n",
       "      <th>2</th>\n",
       "      <td>1</td>\n",
       "      <td>2010-02-19</td>\n",
       "      <td>1611968.17</td>\n",
       "      <td>0</td>\n",
       "      <td>39.93</td>\n",
       "      <td>2.514</td>\n",
       "      <td>211.289143</td>\n",
       "      <td>8.106</td>\n",
       "    </tr>\n",
       "    <tr>\n",
       "      <th>3</th>\n",
       "      <td>1</td>\n",
       "      <td>2010-02-26</td>\n",
       "      <td>1409727.59</td>\n",
       "      <td>0</td>\n",
       "      <td>46.63</td>\n",
       "      <td>2.561</td>\n",
       "      <td>211.319643</td>\n",
       "      <td>8.106</td>\n",
       "    </tr>\n",
       "    <tr>\n",
       "      <th>4</th>\n",
       "      <td>1</td>\n",
       "      <td>2010-03-05</td>\n",
       "      <td>1554806.68</td>\n",
       "      <td>0</td>\n",
       "      <td>46.50</td>\n",
       "      <td>2.625</td>\n",
       "      <td>211.350143</td>\n",
       "      <td>8.106</td>\n",
       "    </tr>\n",
       "    <tr>\n",
       "      <th>...</th>\n",
       "      <td>...</td>\n",
       "      <td>...</td>\n",
       "      <td>...</td>\n",
       "      <td>...</td>\n",
       "      <td>...</td>\n",
       "      <td>...</td>\n",
       "      <td>...</td>\n",
       "      <td>...</td>\n",
       "    </tr>\n",
       "    <tr>\n",
       "      <th>6430</th>\n",
       "      <td>45</td>\n",
       "      <td>2012-09-28</td>\n",
       "      <td>713173.95</td>\n",
       "      <td>0</td>\n",
       "      <td>64.88</td>\n",
       "      <td>3.997</td>\n",
       "      <td>192.013558</td>\n",
       "      <td>8.684</td>\n",
       "    </tr>\n",
       "    <tr>\n",
       "      <th>6431</th>\n",
       "      <td>45</td>\n",
       "      <td>2012-10-05</td>\n",
       "      <td>733455.07</td>\n",
       "      <td>0</td>\n",
       "      <td>64.89</td>\n",
       "      <td>3.985</td>\n",
       "      <td>192.170412</td>\n",
       "      <td>8.667</td>\n",
       "    </tr>\n",
       "    <tr>\n",
       "      <th>6432</th>\n",
       "      <td>45</td>\n",
       "      <td>2012-10-12</td>\n",
       "      <td>734464.36</td>\n",
       "      <td>0</td>\n",
       "      <td>54.47</td>\n",
       "      <td>4.000</td>\n",
       "      <td>192.327265</td>\n",
       "      <td>8.667</td>\n",
       "    </tr>\n",
       "    <tr>\n",
       "      <th>6433</th>\n",
       "      <td>45</td>\n",
       "      <td>2012-10-19</td>\n",
       "      <td>718125.53</td>\n",
       "      <td>0</td>\n",
       "      <td>56.47</td>\n",
       "      <td>3.969</td>\n",
       "      <td>192.330854</td>\n",
       "      <td>8.667</td>\n",
       "    </tr>\n",
       "    <tr>\n",
       "      <th>6434</th>\n",
       "      <td>45</td>\n",
       "      <td>2012-10-26</td>\n",
       "      <td>760281.43</td>\n",
       "      <td>0</td>\n",
       "      <td>58.85</td>\n",
       "      <td>3.882</td>\n",
       "      <td>192.308899</td>\n",
       "      <td>8.667</td>\n",
       "    </tr>\n",
       "  </tbody>\n",
       "</table>\n",
       "<p>6435 rows × 8 columns</p>\n",
       "</div>"
      ],
      "text/plain": [
       "      Store       Date  Weekly_Sales  Holiday_Flag  Temperature  Fuel_Price  \\\n",
       "0         1 2010-02-05    1643690.90             0        42.31       2.572   \n",
       "1         1 2010-02-12    1641957.44             1        38.51       2.548   \n",
       "2         1 2010-02-19    1611968.17             0        39.93       2.514   \n",
       "3         1 2010-02-26    1409727.59             0        46.63       2.561   \n",
       "4         1 2010-03-05    1554806.68             0        46.50       2.625   \n",
       "...     ...        ...           ...           ...          ...         ...   \n",
       "6430     45 2012-09-28     713173.95             0        64.88       3.997   \n",
       "6431     45 2012-10-05     733455.07             0        64.89       3.985   \n",
       "6432     45 2012-10-12     734464.36             0        54.47       4.000   \n",
       "6433     45 2012-10-19     718125.53             0        56.47       3.969   \n",
       "6434     45 2012-10-26     760281.43             0        58.85       3.882   \n",
       "\n",
       "             CPI  Unemployment  \n",
       "0     211.096358         8.106  \n",
       "1     211.242170         8.106  \n",
       "2     211.289143         8.106  \n",
       "3     211.319643         8.106  \n",
       "4     211.350143         8.106  \n",
       "...          ...           ...  \n",
       "6430  192.013558         8.684  \n",
       "6431  192.170412         8.667  \n",
       "6432  192.327265         8.667  \n",
       "6433  192.330854         8.667  \n",
       "6434  192.308899         8.667  \n",
       "\n",
       "[6435 rows x 8 columns]"
      ]
     },
     "execution_count": 8,
     "metadata": {},
     "output_type": "execute_result"
    }
   ],
   "source": [
    "df = df.sort_values(by=['Store','Date'])\n",
    "df"
   ]
  },
  {
   "cell_type": "code",
   "execution_count": 9,
   "id": "124c7134-8e66-476d-9f10-fe78661a8125",
   "metadata": {},
   "outputs": [
    {
     "data": {
      "text/html": [
       "<div>\n",
       "<style scoped>\n",
       "    .dataframe tbody tr th:only-of-type {\n",
       "        vertical-align: middle;\n",
       "    }\n",
       "\n",
       "    .dataframe tbody tr th {\n",
       "        vertical-align: top;\n",
       "    }\n",
       "\n",
       "    .dataframe thead th {\n",
       "        text-align: right;\n",
       "    }\n",
       "</style>\n",
       "<table border=\"1\" class=\"dataframe\">\n",
       "  <thead>\n",
       "    <tr style=\"text-align: right;\">\n",
       "      <th></th>\n",
       "      <th>Store</th>\n",
       "      <th>Date</th>\n",
       "      <th>Weekly_Sales</th>\n",
       "      <th>Holiday_Flag</th>\n",
       "      <th>Temperature</th>\n",
       "      <th>Fuel_Price</th>\n",
       "      <th>CPI</th>\n",
       "      <th>Unemployment</th>\n",
       "    </tr>\n",
       "  </thead>\n",
       "  <tbody>\n",
       "    <tr>\n",
       "      <th>0</th>\n",
       "      <td>1</td>\n",
       "      <td>02-05-2010</td>\n",
       "      <td>1643690.90</td>\n",
       "      <td>0</td>\n",
       "      <td>42.31</td>\n",
       "      <td>2.572</td>\n",
       "      <td>211.096358</td>\n",
       "      <td>8.106</td>\n",
       "    </tr>\n",
       "    <tr>\n",
       "      <th>1</th>\n",
       "      <td>1</td>\n",
       "      <td>02-12-2010</td>\n",
       "      <td>1641957.44</td>\n",
       "      <td>1</td>\n",
       "      <td>38.51</td>\n",
       "      <td>2.548</td>\n",
       "      <td>211.242170</td>\n",
       "      <td>8.106</td>\n",
       "    </tr>\n",
       "    <tr>\n",
       "      <th>2</th>\n",
       "      <td>1</td>\n",
       "      <td>02-19-2010</td>\n",
       "      <td>1611968.17</td>\n",
       "      <td>0</td>\n",
       "      <td>39.93</td>\n",
       "      <td>2.514</td>\n",
       "      <td>211.289143</td>\n",
       "      <td>8.106</td>\n",
       "    </tr>\n",
       "    <tr>\n",
       "      <th>3</th>\n",
       "      <td>1</td>\n",
       "      <td>02-26-2010</td>\n",
       "      <td>1409727.59</td>\n",
       "      <td>0</td>\n",
       "      <td>46.63</td>\n",
       "      <td>2.561</td>\n",
       "      <td>211.319643</td>\n",
       "      <td>8.106</td>\n",
       "    </tr>\n",
       "    <tr>\n",
       "      <th>4</th>\n",
       "      <td>1</td>\n",
       "      <td>03-05-2010</td>\n",
       "      <td>1554806.68</td>\n",
       "      <td>0</td>\n",
       "      <td>46.50</td>\n",
       "      <td>2.625</td>\n",
       "      <td>211.350143</td>\n",
       "      <td>8.106</td>\n",
       "    </tr>\n",
       "    <tr>\n",
       "      <th>...</th>\n",
       "      <td>...</td>\n",
       "      <td>...</td>\n",
       "      <td>...</td>\n",
       "      <td>...</td>\n",
       "      <td>...</td>\n",
       "      <td>...</td>\n",
       "      <td>...</td>\n",
       "      <td>...</td>\n",
       "    </tr>\n",
       "    <tr>\n",
       "      <th>6430</th>\n",
       "      <td>45</td>\n",
       "      <td>09-28-2012</td>\n",
       "      <td>713173.95</td>\n",
       "      <td>0</td>\n",
       "      <td>64.88</td>\n",
       "      <td>3.997</td>\n",
       "      <td>192.013558</td>\n",
       "      <td>8.684</td>\n",
       "    </tr>\n",
       "    <tr>\n",
       "      <th>6431</th>\n",
       "      <td>45</td>\n",
       "      <td>10-05-2012</td>\n",
       "      <td>733455.07</td>\n",
       "      <td>0</td>\n",
       "      <td>64.89</td>\n",
       "      <td>3.985</td>\n",
       "      <td>192.170412</td>\n",
       "      <td>8.667</td>\n",
       "    </tr>\n",
       "    <tr>\n",
       "      <th>6432</th>\n",
       "      <td>45</td>\n",
       "      <td>10-12-2012</td>\n",
       "      <td>734464.36</td>\n",
       "      <td>0</td>\n",
       "      <td>54.47</td>\n",
       "      <td>4.000</td>\n",
       "      <td>192.327265</td>\n",
       "      <td>8.667</td>\n",
       "    </tr>\n",
       "    <tr>\n",
       "      <th>6433</th>\n",
       "      <td>45</td>\n",
       "      <td>10-19-2012</td>\n",
       "      <td>718125.53</td>\n",
       "      <td>0</td>\n",
       "      <td>56.47</td>\n",
       "      <td>3.969</td>\n",
       "      <td>192.330854</td>\n",
       "      <td>8.667</td>\n",
       "    </tr>\n",
       "    <tr>\n",
       "      <th>6434</th>\n",
       "      <td>45</td>\n",
       "      <td>10-26-2012</td>\n",
       "      <td>760281.43</td>\n",
       "      <td>0</td>\n",
       "      <td>58.85</td>\n",
       "      <td>3.882</td>\n",
       "      <td>192.308899</td>\n",
       "      <td>8.667</td>\n",
       "    </tr>\n",
       "  </tbody>\n",
       "</table>\n",
       "<p>6435 rows × 8 columns</p>\n",
       "</div>"
      ],
      "text/plain": [
       "      Store        Date  Weekly_Sales  Holiday_Flag  Temperature  Fuel_Price  \\\n",
       "0         1  02-05-2010    1643690.90             0        42.31       2.572   \n",
       "1         1  02-12-2010    1641957.44             1        38.51       2.548   \n",
       "2         1  02-19-2010    1611968.17             0        39.93       2.514   \n",
       "3         1  02-26-2010    1409727.59             0        46.63       2.561   \n",
       "4         1  03-05-2010    1554806.68             0        46.50       2.625   \n",
       "...     ...         ...           ...           ...          ...         ...   \n",
       "6430     45  09-28-2012     713173.95             0        64.88       3.997   \n",
       "6431     45  10-05-2012     733455.07             0        64.89       3.985   \n",
       "6432     45  10-12-2012     734464.36             0        54.47       4.000   \n",
       "6433     45  10-19-2012     718125.53             0        56.47       3.969   \n",
       "6434     45  10-26-2012     760281.43             0        58.85       3.882   \n",
       "\n",
       "             CPI  Unemployment  \n",
       "0     211.096358         8.106  \n",
       "1     211.242170         8.106  \n",
       "2     211.289143         8.106  \n",
       "3     211.319643         8.106  \n",
       "4     211.350143         8.106  \n",
       "...          ...           ...  \n",
       "6430  192.013558         8.684  \n",
       "6431  192.170412         8.667  \n",
       "6432  192.327265         8.667  \n",
       "6433  192.330854         8.667  \n",
       "6434  192.308899         8.667  \n",
       "\n",
       "[6435 rows x 8 columns]"
      ]
     },
     "execution_count": 9,
     "metadata": {},
     "output_type": "execute_result"
    }
   ],
   "source": [
    "df['Date'] = df['Date'].dt.strftime('%m-%d-%Y')\n",
    "df"
   ]
  },
  {
   "cell_type": "code",
   "execution_count": 12,
   "id": "e410bbdc-1a0f-483f-aee4-1196e169e8d5",
   "metadata": {},
   "outputs": [
    {
     "data": {
      "text/html": [
       "<div>\n",
       "<style scoped>\n",
       "    .dataframe tbody tr th:only-of-type {\n",
       "        vertical-align: middle;\n",
       "    }\n",
       "\n",
       "    .dataframe tbody tr th {\n",
       "        vertical-align: top;\n",
       "    }\n",
       "\n",
       "    .dataframe thead th {\n",
       "        text-align: right;\n",
       "    }\n",
       "</style>\n",
       "<table border=\"1\" class=\"dataframe\">\n",
       "  <thead>\n",
       "    <tr style=\"text-align: right;\">\n",
       "      <th></th>\n",
       "      <th>Store</th>\n",
       "      <th>Date</th>\n",
       "      <th>Weekly_Sales</th>\n",
       "      <th>Holiday_Flag</th>\n",
       "      <th>Temperature</th>\n",
       "      <th>Fuel_Price</th>\n",
       "      <th>CPI</th>\n",
       "      <th>Unemployment</th>\n",
       "    </tr>\n",
       "  </thead>\n",
       "  <tbody>\n",
       "    <tr>\n",
       "      <th>0</th>\n",
       "      <td>1</td>\n",
       "      <td>02-05-2010</td>\n",
       "      <td>1643690.90</td>\n",
       "      <td>0</td>\n",
       "      <td>42</td>\n",
       "      <td>2.57</td>\n",
       "      <td>211.096</td>\n",
       "      <td>8.106</td>\n",
       "    </tr>\n",
       "    <tr>\n",
       "      <th>1</th>\n",
       "      <td>1</td>\n",
       "      <td>02-12-2010</td>\n",
       "      <td>1641957.44</td>\n",
       "      <td>1</td>\n",
       "      <td>38</td>\n",
       "      <td>2.55</td>\n",
       "      <td>211.242</td>\n",
       "      <td>8.106</td>\n",
       "    </tr>\n",
       "    <tr>\n",
       "      <th>2</th>\n",
       "      <td>1</td>\n",
       "      <td>02-19-2010</td>\n",
       "      <td>1611968.17</td>\n",
       "      <td>0</td>\n",
       "      <td>40</td>\n",
       "      <td>2.51</td>\n",
       "      <td>211.289</td>\n",
       "      <td>8.106</td>\n",
       "    </tr>\n",
       "    <tr>\n",
       "      <th>3</th>\n",
       "      <td>1</td>\n",
       "      <td>02-26-2010</td>\n",
       "      <td>1409727.59</td>\n",
       "      <td>0</td>\n",
       "      <td>47</td>\n",
       "      <td>2.56</td>\n",
       "      <td>211.320</td>\n",
       "      <td>8.106</td>\n",
       "    </tr>\n",
       "    <tr>\n",
       "      <th>4</th>\n",
       "      <td>1</td>\n",
       "      <td>03-05-2010</td>\n",
       "      <td>1554806.68</td>\n",
       "      <td>0</td>\n",
       "      <td>46</td>\n",
       "      <td>2.62</td>\n",
       "      <td>211.350</td>\n",
       "      <td>8.106</td>\n",
       "    </tr>\n",
       "    <tr>\n",
       "      <th>...</th>\n",
       "      <td>...</td>\n",
       "      <td>...</td>\n",
       "      <td>...</td>\n",
       "      <td>...</td>\n",
       "      <td>...</td>\n",
       "      <td>...</td>\n",
       "      <td>...</td>\n",
       "      <td>...</td>\n",
       "    </tr>\n",
       "    <tr>\n",
       "      <th>6430</th>\n",
       "      <td>45</td>\n",
       "      <td>09-28-2012</td>\n",
       "      <td>713173.95</td>\n",
       "      <td>0</td>\n",
       "      <td>65</td>\n",
       "      <td>4.00</td>\n",
       "      <td>192.014</td>\n",
       "      <td>8.684</td>\n",
       "    </tr>\n",
       "    <tr>\n",
       "      <th>6431</th>\n",
       "      <td>45</td>\n",
       "      <td>10-05-2012</td>\n",
       "      <td>733455.07</td>\n",
       "      <td>0</td>\n",
       "      <td>65</td>\n",
       "      <td>3.98</td>\n",
       "      <td>192.170</td>\n",
       "      <td>8.667</td>\n",
       "    </tr>\n",
       "    <tr>\n",
       "      <th>6432</th>\n",
       "      <td>45</td>\n",
       "      <td>10-12-2012</td>\n",
       "      <td>734464.36</td>\n",
       "      <td>0</td>\n",
       "      <td>54</td>\n",
       "      <td>4.00</td>\n",
       "      <td>192.327</td>\n",
       "      <td>8.667</td>\n",
       "    </tr>\n",
       "    <tr>\n",
       "      <th>6433</th>\n",
       "      <td>45</td>\n",
       "      <td>10-19-2012</td>\n",
       "      <td>718125.53</td>\n",
       "      <td>0</td>\n",
       "      <td>56</td>\n",
       "      <td>3.97</td>\n",
       "      <td>192.331</td>\n",
       "      <td>8.667</td>\n",
       "    </tr>\n",
       "    <tr>\n",
       "      <th>6434</th>\n",
       "      <td>45</td>\n",
       "      <td>10-26-2012</td>\n",
       "      <td>760281.43</td>\n",
       "      <td>0</td>\n",
       "      <td>59</td>\n",
       "      <td>3.88</td>\n",
       "      <td>192.309</td>\n",
       "      <td>8.667</td>\n",
       "    </tr>\n",
       "  </tbody>\n",
       "</table>\n",
       "<p>6435 rows × 8 columns</p>\n",
       "</div>"
      ],
      "text/plain": [
       "      Store        Date  Weekly_Sales  Holiday_Flag  Temperature  Fuel_Price  \\\n",
       "0         1  02-05-2010    1643690.90             0           42        2.57   \n",
       "1         1  02-12-2010    1641957.44             1           38        2.55   \n",
       "2         1  02-19-2010    1611968.17             0           40        2.51   \n",
       "3         1  02-26-2010    1409727.59             0           47        2.56   \n",
       "4         1  03-05-2010    1554806.68             0           46        2.62   \n",
       "...     ...         ...           ...           ...          ...         ...   \n",
       "6430     45  09-28-2012     713173.95             0           65        4.00   \n",
       "6431     45  10-05-2012     733455.07             0           65        3.98   \n",
       "6432     45  10-12-2012     734464.36             0           54        4.00   \n",
       "6433     45  10-19-2012     718125.53             0           56        3.97   \n",
       "6434     45  10-26-2012     760281.43             0           59        3.88   \n",
       "\n",
       "          CPI  Unemployment  \n",
       "0     211.096         8.106  \n",
       "1     211.242         8.106  \n",
       "2     211.289         8.106  \n",
       "3     211.320         8.106  \n",
       "4     211.350         8.106  \n",
       "...       ...           ...  \n",
       "6430  192.014         8.684  \n",
       "6431  192.170         8.667  \n",
       "6432  192.327         8.667  \n",
       "6433  192.331         8.667  \n",
       "6434  192.309         8.667  \n",
       "\n",
       "[6435 rows x 8 columns]"
      ]
     },
     "execution_count": 12,
     "metadata": {},
     "output_type": "execute_result"
    }
   ],
   "source": [
    "df['Weekly_Sales'] = df['Weekly_Sales'].round(2)\n",
    "df['Temperature'] = df['Temperature'].round(0).astype(int)\n",
    "df['Fuel_Price'] = df['Fuel_Price'].round(2)\n",
    "df['CPI'] = df['CPI'].round(3)\n",
    "df['Unemployment'] = df['Unemployment'].round(3)\n",
    "df"
   ]
  },
  {
   "cell_type": "code",
   "execution_count": 13,
   "id": "3b1b9594-bae9-4592-97a6-acad29e41568",
   "metadata": {},
   "outputs": [
    {
     "data": {
      "text/plain": [
       "Store           0\n",
       "Date            0\n",
       "Weekly_Sales    0\n",
       "Holiday_Flag    0\n",
       "Temperature     0\n",
       "Fuel_Price      0\n",
       "CPI             0\n",
       "Unemployment    0\n",
       "dtype: int64"
      ]
     },
     "execution_count": 13,
     "metadata": {},
     "output_type": "execute_result"
    }
   ],
   "source": [
    "missing_data = df.isnull().sum()\n",
    "missing_data"
   ]
  },
  {
   "cell_type": "code",
   "execution_count": 14,
   "id": "b2dc6f34-6259-4da5-acad-9c181776e40a",
   "metadata": {},
   "outputs": [],
   "source": [
    "df.to_csv('Walmart_Sales_Clean.csv', index=False)"
   ]
  },
  {
   "cell_type": "markdown",
   "id": "6fc6111b-3039-4c3b-9cdf-c0f06e401969",
   "metadata": {},
   "source": [
    "### Which holidays affect weekly sales the most? ###"
   ]
  },
  {
   "cell_type": "code",
   "execution_count": 17,
   "id": "0220bf61-28bd-49ee-96b2-bd44dba363a0",
   "metadata": {},
   "outputs": [
    {
     "data": {
      "text/plain": [
       "Holiday_Flag\n",
       "0    1.041256e+06\n",
       "1    1.122888e+06\n",
       "Name: Weekly_Sales, dtype: float64"
      ]
     },
     "execution_count": 17,
     "metadata": {},
     "output_type": "execute_result"
    }
   ],
   "source": [
    "avg_sales_by_holiday = df.groupby('Holiday_Flag')['Weekly_Sales'].mean()\n",
    "avg_sales_by_holiday"
   ]
  },
  {
   "cell_type": "code",
   "execution_count": 18,
   "id": "a2a1946f-86ae-47e4-9a74-37ee8deab16d",
   "metadata": {},
   "outputs": [
    {
     "data": {
      "text/plain": [
       "Holiday_Flag\n",
       "0    6.231919e+09\n",
       "1    5.052996e+08\n",
       "Name: Weekly_Sales, dtype: float64"
      ]
     },
     "execution_count": 18,
     "metadata": {},
     "output_type": "execute_result"
    }
   ],
   "source": [
    "total_sales_by_holiday = df.groupby('Holiday_Flag')['Weekly_Sales'].sum()\n",
    "total_sales_by_holiday"
   ]
  },
  {
   "cell_type": "code",
   "execution_count": 41,
   "id": "a7a6af3b-f012-449c-8c09-58e46708309e",
   "metadata": {},
   "outputs": [
    {
     "data": {
